"c1_1"	"c1_2"	"c1_3"	"c1_4"	"c1_5"	"c1_6"	"c1_7"	"c1_8"	"c1_9"	"c1_10"	"c1_11"	"c1_12"	"c1_13"	"c1_14"	"c1_15"	"c1_16"	"c1_17"	"c1_18"	"c1_19"	"c1_20"	"c1_21"	"c1_22"	"c1_23"	"c1_24"	"c1_25"
"g1"	361.490565467294	335.58509868751	378.515444153811	305.32852126214	376.702714806274	509.5611745322	480.842172644201	479.571550223005	422.683400471873	324.288258037508	309.751316724536	499.672326180759	217.193670423557	292.161454105689	414.869300636236	423.307474425526	211.868690579688	313.400849628224	32.3282623011188	176.655666720266	256.887783812289	173.329546194501	329.459956476972	204.831491089829	340.922903029675
"g2"	477.940989234828	345.663298023843	472.735367660302	402.248200904461	304.032887511928	472.476572836853	498.827647628088	332.646386065063	225.707389156851	603.127103849487	61.336417011738	280.22216721518	8.07778410613537	7.25399614311755	80.4333949091795	130.618213682223	2.7987861004658	6.74987428123131	1.46926504094154	2.71463200449944	471.926394961227	167.486103044244	1.4237597421743	75.797501817443	273.441862386313
"g3"	1346.32123528709	1126.08273595884	1600.25470827076	1162.38605928447	890.647148295249	1109.62789725734	2219.50678971267	1186.81016463591	1318.62706131403	707.743155431934	261.193601566382	464.941797779512	6.99597349157557	530.932341738053	459.359231360522	326.288798182569	8.5815729550086	2.4481493467465	153.637003440859	146.847656145153	681.823977916549	1394.86913798352	1114.6672438444	1073.4066857928	1016.3219902825
"g4"	1062.55802221469	1299.62324302499	1265.09342394488	1156.90427381601	1511.79785976055	1690.52221920126	904.795145930067	720.739537310188	600.4939161086	859.788400549655	703.342587842649	202.061122695381	273.339097672886	569.923744392341	251.442493020689	234.557053076365	630.986312036381	336.71693980993	948.759866031577	261.935026343038	1501.65128748293	580.433499515161	1189.95013549008	1000.8214115656	1697.82699015013
"g5"	648.574336520885	537.686199006616	665.031791541571	403.541812504532	476.351321309831	446.447231887782	452.553586710684	204.924925195461	213.623504401876	106.964293066283	214.490703360414	231.668092750385	6.15305666811764	353.609246536989	106.429361180716	38.5387983068243	0.610197633504868	107.382581413753	440.987756421871	466.445772692884	313.462274592182	411.330778679784	461.453218577044	439.57143468193	576.310631411836
"g6"	749.871201507639	433.607483768276	718.392495641463	377.313642638408	189.741936448761	679.247789837513	208.288190516397	301.60978653922	0.905703944154084	374.552773774358	6.15377931855619	11.8562469637027	5.94606822356582	0.0247897184453905	11.7368399673582	8.1547985249199	188.474270955662	178.413256526601	412.951272080974	361.149033371295	667.02503489018	1221.13707267107	468.887836706245	479.192433163141	504.154282087203
"g7"	199.007515125136	173.363196342892	285.727250715948	117.178178271745	255.482598719419	255.107464232633	3.24893894139677	1.23749675229192	53.5692518707433	4.99473507050425	6.67753727640957	6.18232400622219	114.419913735384	2.94776940951124	275.192464530091	2.61281816902639	16.7609818543831	199.076520262099	66.6916518781767	226.56192240854	242.063744166883	263.817235085709	271.61820799907	168.806774272457	263.935159156534
"g8"	541.981728973511	812.420221322939	181.747697659967	421.647932851792	253.152328305816	212.856839570834	4.36877914238721	141.575597072998	0.750938493292779	7.7249760273844	0.0137202977202833	76.872348272899	2.94996586861089	340.591957330111	100.741449029022	132.557528282887	585.980161309652	363.029414084982	372.817987351021	579.240499703239	450.116696758749	552.292884148469	450.840309206329	787.570290029229	321.760858540352
"g9"	872.779214173058	411.51233992051	979.340162974126	891.071544303691	416.092659053789	559.46898508765	9.45977239636704	5.03069312311709	64.4241945471958	3.86599754216149	65.255130099625	637.163604369743	99.3657116221093	340.007259578741	444.207748344739	749.892479328436	766.0144970002	948.460507956629	912.217796821403	1195.24481551039	1828.38298052732	1554.10976346168	1612.71776991044	881.009492765992	1196.15396767151
"g10"	239.844513265861	123.646766671348	13.837627876199	4.67494440730661	1.37324704788625	7.85953202983364	7.0702927117236	67.5332176256011	73.3014757754433	97.3314410400602	378.70138739774	8.52448064368218	440.67415808706	313.524123520608	455.600495462658	579.564824551641	343.534400082073	333.786388165493	371.020840772944	1645.44178838551	378.959035148123	985.093182661386	662.355397725368	368.308712028124	281.561762073553
"g11"	764.203984829075	594.980954269458	1014.40235306145	681.941240394336	525.971281124666	708.270028572815	571.000421852567	632.946449979321	593.829643553615	806.052439143398	689.72498568054	1007.87126729354	878.620151363176	1248.00980231475	1161.78054162019	1096.96083394954	1067.16907806105	1086.531533064	1411.05237150859	1626.81543633796	1347.78900652263	996.789160276665	1042.9570987378	1184.35442904938	779.835829017243
"g12"	4.78284436278045	4.98599424026906	3.94351258408278	10.7748681947411	52.1725525124849	8.45380067126825	61.3326815936171	4.36539797112346	1.97410344611853	27.8613164790532	219.321028407289	97.6213468731855	368.182525003221	290.896780467289	236.680117069332	225.514154231943	172.083643512432	187.204719188336	192.477816741037	128.318944939194	273.129100991116	86.1341609647987	141.095972047157	28.7777552914121	106.380357718319
"g13"	760.404577872368	548.577668453517	524.720116689763	707.333574385345	697.796311776918	599.142482165973	909.398204703917	614.258723695977	949.585275841099	1174.10011536204	891.115445783891	1053.58234000212	1659.31548101149	1120.65786856273	1271.53980042233	1462.03131694464	1715.74364063797	1246.92036366265	965.880947424553	1130.80823860162	1079.40878525763	1451.70856901669	910.821101970273	724.621777386799	1009.65360244096
"g14"	1966.13476673981	970.048557668065	1256.7027018098	1433.8341340502	2367.27209216509	1406.8580084047	504.636663136126	1496.66912653172	984.337880286206	2239.14306831201	2315.95028683729	2218.99887306079	2028.25053999931	1840.38196562005	3117.40269444782	2598.81519647603	2306.78320965773	2006.84809036605	2069.45833092651	2581.78311915534	1317.59651221126	2219.86889362792	1408.09793856676	672.133973314938	975.224457515764
"g15"	635.262308378775	593.775630773905	334.965715919932	1350.12757690589	701.827447926746	722.529630236965	1090.95923475091	823.019051076452	1067.26780285081	1270.24223523686	841.298774647764	1591.27159288755	790.295094875833	1042.01494081872	1107.78286806623	1039.84494564114	949.657243515584	1047.56022989724	1118.15628623417	902.441696374785	438.16009562067	651.703649310435	926.750993348157	612.205154445781	387.980865356679
"g16"	1027.68417722613	1468.85404849832	1156.15514907651	963.649294897885	1128.97487784609	1923.09129323005	1533.2664353683	1837.61905473961	2212.62500591395	3178.89690091478	2503.93212908381	2332.06591917075	2751.73088167044	2677.9171419473	1901.64526395702	2003.98869910001	1968.46120456501	1879.8534262467	2724.46600362854	1879.31167545177	981.716368161765	923.508258272377	1110.92596684979	900.304554244436	745.856421818061
"g17"	1.71925951261073	166.208366501935	153.298125142406	15.7208302575985	41.0119427169273	317.392620536108	174.568575271452	340.783153676243	363.123398588227	268.856195008376	344.815200549565	263.562452875001	395.680955676701	241.191832709899	369.372825841181	198.579137786326	197.345192399177	214.895178347673	7.11232351604849	138.730123041805	3.80455330945551	1.33408157387748	1.96838846663013	302.519266928645	3.6549691692926
"g18"	459.591576280588	810.249913037224	889.25693344784	1111.76245577745	1100.1736515522	891.857505363402	1007.26017921464	1184.85999742632	1017.1986923571	1203.0012759904	1542.12764399292	851.944077182191	1065.28231458528	1255.48381869289	850.360726065696	745.414039343778	928.302355716191	756.687874746373	794.067636660278	751.693129953183	715.099158646291	558.451223131373	560.225871565285	873.222427065572	556.305757996529
"g19"	47.7089728930367	34.2901985245768	256.151991555754	147.475423817	263.759233219773	304.918563260895	256.593285718215	285.168007052488	883.897677852936	438.865000803056	382.322483559883	437.621185905938	737.093241789097	249.583822261664	167.304532911932	98.9176500387565	4.23447619657964	4.9063778645359	21.5367986929284	9.10258787451312	10.9322815575661	40.0937751542204	270.186277466789	5.04625343251973	262.41544433778
"g20"	915.561249271895	775.640206577935	610.707823740379	1001.37884840093	864.475479960694	1701.70765370918	1202.68305305776	1068.44598254187	1029.94538812846	1636.86825098424	785.339887207094	771.29007311941	475.21467561065	526.429830368076	251.690756696217	451.991896477258	561.311101828326	222.356432031672	479.726652778606	121.967946185807	103.046407506177	1.79064472904429	167.590678725408	825.161408374974	1201.39638851884
